NP_000005.3	XP_006914783.1	82.532	1477	251	5	1	1474	1	1473	0.0	2499	9402	N/A	N/A
NP_000005.3	XP_039730208.1	82.397	1477	253	5	1	1474	1	1473	0.0	2497	143291	N/A	N/A
NP_000005.3	XP_036722669.1	82.273	1478	257	3	1	1474	1	1477	0.0	2484	9771	N/A	N/A
NP_000005.3	XP_007196169.1	82.206	1478	258	3	1	1474	1	1477	0.0	2481	9767	N/A	N/A
NP_000005.3	XP_014438182.1	81.880	1479	261	4	1	1474	1	1477	0.0	2480	246437	N/A	N/A
NP_000005.3	XP_037370272.1	80.988	1478	276	4	1	1474	1	1477	0.0	2476	50954	N/A	N/A
NP_000005.3	XP_030896970.1	81.191	1478	271	4	1	1474	1	1475	0.0	2473	9713	N/A	N/A
NP_000005.3	XP_034501506.1	81.406	1479	267	4	1	1474	1	1476	0.0	2472	9646	N/A	N/A
NP_000005.3	XP_035968830.1	81.258	1478	270	4	1	1474	1	1475	0.0	2472	9711	N/A	N/A
NP_000005.3	XP_011364064.1	81.567	1481	262	6	1	1474	1	1477	0.0	2470	132908	N/A	N/A
NP_000005.3	XP_032246909.1	81.258	1478	270	4	1	1474	1	1475	0.0	2469	9720	N/A	N/A
NP_000005.3	XP_045729839.1	81.191	1478	271	4	1	1474	1	1475	0.0	2467	9716	N/A	N/A
NP_000005.3	XP_047405477.1	80.691	1476	277	3	1	1474	1	1470	0.0	2467	30640	N/A	N/A
NP_000005.3	XP_034884152.1	81.123	1478	272	4	1	1474	1	1475	0.0	2466	9715	N/A	N/A
NP_000005.3	XP_022433229.1	81.191	1478	273	3	1	1474	1	1477	0.0	2465	9749	N/A	N/A
NP_000005.3	XP_027449872.1	81.055	1478	273	4	1	1474	1	1475	0.0	2465	9704	N/A	N/A
NP_000005.3	XP_006745197.1	81.195	1473	270	4	1	1469	1	1470	0.0	2464	9713	N/A	N/A
NP_000005.3	XP_027975555.1	81.263	1473	269	4	1	1469	1	1470	0.0	2463	34886	N/A	N/A
NP_000005.3	XP_008695711.1	81.055	1478	273	4	1	1474	26	1500	0.0	2463	29073	N/A	N/A
NP_000005.3	XP_032502547.1	81.055	1478	275	3	1	1474	1	1477	0.0	2463	42100	N/A	N/A
NP_000005.3	XP_014706440.2	80.933	1479	274	5	1	1474	1	1476	0.0	2462	9793	N/A	N/A
NP_000005.3	XP_046539191.1	80.772	1477	280	3	1	1474	1	1476	0.0	2462	89248	N/A	N/A
NP_000005.3	XP_032246910.1	81.263	1473	269	4	1	1469	1	1470	0.0	2461	9720	N/A	N/A
NP_000005.3	XP_021546441.2	81.127	1473	271	4	1	1469	1	1470	0.0	2461	29088	N/A	N/A
NP_000005.3	XP_026358274.4	81.123	1478	272	4	1	1474	26	1500	0.0	2461	9644	N/A	N/A
NP_000005.3	XP_024588954.1	80.988	1478	276	3	1	1474	1	1477	0.0	2461	1706337	N/A	N/A
NP_000005.3	XP_032972628.1	82.114	1476	258	4	1	1473	1	1473	0.0	2460	59479	N/A	N/A
NP_000005.3	XP_029060635.1	80.988	1478	276	3	1	1474	1	1477	0.0	2460	40151	N/A	N/A
NP_000005.3	XP_045729838.1	81.195	1473	270	4	1	1469	1	1470	0.0	2459	9716	N/A	N/A
NP_000005.3	XP_058938489.1	80.514	1478	283	3	1	1474	1	1477	0.0	2459	27615	N/A	N/A
NP_000005.3	XP_034884153.1	81.127	1473	271	4	1	1469	1	1470	0.0	2458	9715	N/A	N/A
NP_000005.3	XP_057558581.1	80.865	1479	274	4	1	1473	1	1476	0.0	2457	575201	N/A	N/A
NP_000005.3	XP_027449870.1	81.059	1473	272	4	1	1469	1	1470	0.0	2456	9704	N/A	N/A
NP_000005.3	XP_001499173.3	80.569	1477	283	3	1	1474	1	1476	0.0	2456	9796;9798	N/A	N/A
NP_000005.3	XP_025735721.1	81.127	1473	271	4	1	1469	1	1470	0.0	2456	34884	N/A	N/A
NP_000005.3	XP_004410948.1	81.195	1473	270	4	1	1469	1	1470	0.0	2456	9708	N/A	N/A
NP_000005.3	XP_007196170.1	82.032	1447	255	3	32	1474	1	1446	0.0	2456	9767	N/A	N/A
NP_000005.3	XP_007469417.1	81.664	1478	264	4	1	1474	1	1475	0.0	2455	118797	N/A	N/A
NP_000005.3	XP_042801696.1	80.704	1477	280	3	1	1474	1	1475	0.0	2454	9689	N/A	N/A
NP_000005.3	XP_004281205.1	81.563	1459	264	3	20	1474	22	1479	0.0	2454	9733	N/A	N/A
NP_000005.3	XP_022433228.1	81.768	1459	261	3	20	1474	22	1479	0.0	2454	9749	N/A	N/A
NP_000005.3	XP_026949121.1	81.656	1461	261	4	20	1474	22	1481	0.0	2453	90247	N/A	N/A
NP_000005.3	XP_007094167.2	80.636	1477	281	3	1	1474	1	1475	0.0	2452	9694	N/A	N/A
NP_000005.3	XP_043420606.1	80.569	1477	282	3	1	1474	1	1475	0.0	2452	37029	N/A	N/A
NP_000005.3	XP_030690349.1	81.494	1459	265	3	20	1474	22	1479	0.0	2451	9731	N/A	N/A
NP_000005.3	XP_029060634.1	81.631	1459	263	3	20	1474	22	1479	0.0	2451	40151	N/A	N/A
NP_000005.3	XP_028347293.1	80.108	1483	285	4	1	1474	1	1482	0.0	2451	9755	N/A	N/A
NP_000005.3	XP_058599734.1	80.569	1477	282	3	1	1474	1	1475	0.0	2451	61452	N/A	N/A
NP_000005.3	XP_032502546.1	81.631	1459	263	3	20	1474	22	1479	0.0	2451	42100	N/A	N/A
NP_000005.3	XP_019320105.2	80.569	1477	282	3	1	1474	1	1475	0.0	2451	9691	N/A	N/A
NP_000005.3	XP_025310810.3	80.244	1478	285	4	1	1474	1	1475	0.0	2450	286419	N/A	N/A
NP_000005.3	XP_038294980.1	80.244	1478	285	4	1	1474	1	1475	0.0	2450	9615	N/A	N/A
NP_000005.3	XP_025851021.1	80.176	1478	286	4	1	1474	1	1475	0.0	2449	9627	N/A	N/A
NP_000005.3	XP_024588953.1	81.563	1459	264	3	20	1474	22	1479	0.0	2449	1706337	N/A	N/A
NP_000005.3	XP_047723730.1	80.569	1477	282	3	1	1474	1	1475	0.0	2449	61388	N/A	N/A
NP_000005.3	XP_038432674.1	80.176	1478	286	4	1	1474	1	1475	0.0	2447	9615	N/A	N/A
NP_000005.3	XP_534893.3	80.176	1478	286	4	1	1474	1	1475	0.0	2447	9615	N/A	N/A
NP_000005.3	XP_041592215.1	80.176	1478	286	4	1	1474	1	1475	0.0	2447	494514	N/A	N/A
NP_000005.3	XP_042847675.1	80.569	1477	281	4	1	1474	1	1474	0.0	2447	9694	N/A	N/A
NP_000005.3	XP_019781598.2	81.451	1461	264	4	20	1474	22	1481	0.0	2446	9739	N/A	N/A
NP_000005.3	XP_037023802.2	80.162	1477	287	5	1	1474	26	1499	0.0	2446	9417	N/A	N/A
NP_000005.3	XP_042801698.1	80.569	1477	281	4	1	1474	1	1474	0.0	2444	9689	N/A	N/A
NP_000005.3	XP_045695655.1	81.030	1476	276	3	1	1474	1	1474	0.0	2444	9423	N/A	N/A
NP_000005.3	XP_040318914.1	80.366	1477	285	3	1	1474	1	1475	0.0	2444	1608482	N/A	N/A
NP_000005.3	XP_028387929.1	80.894	1476	278	3	1	1474	1	1474	0.0	2441	89673	N/A	N/A
NP_000005.3	XP_030177596.1	80.501	1477	283	3	1	1474	1	1475	0.0	2441	61383	N/A	N/A
NP_000005.3	XP_046923139.1	80.433	1477	284	3	1	1474	1	1475	0.0	2441	61384	N/A	N/A
NP_000005.3	XP_045637241.1	80.650	1478	279	4	1	1474	26	1500	0.0	2441	9643	N/A	N/A
NP_000005.3	XP_030177594.1	80.577	1457	278	3	21	1474	21	1475	0.0	2440	61383	N/A	N/A
NP_000005.3	XP_055192762.1	79.838	1478	291	4	1	1474	1	1475	0.0	2439	34880	N/A	N/A
NP_000005.3	XP_019569050.1	82.237	1475	257	4	1	1473	1	1472	0.0	2439	89399	N/A	N/A
NP_000005.3	XP_006933559.2	80.433	1477	284	3	1	1474	1	1475	0.0	2439	9685	N/A	N/A
NP_000005.3	XP_015362052.1	80.217	1476	284	3	1	1474	1	1470	0.0	2439	9994	N/A	N/A
NP_000005.3	XP_055192763.1	79.797	1480	287	5	1	1474	1	1474	0.0	2437	34880	N/A	N/A
NP_000005.3	XP_029809140.1	79.932	1480	285	6	1	1474	1	1474	0.0	2437	37032	N/A	N/A
NP_000005.3	XP_024435230.2	80.946	1480	269	6	1	1474	1	1473	0.0	2437	9430	N/A	N/A
NP_000005.3	XP_035875260.1	80.894	1476	265	4	1	1474	1	1461	0.0	2437	89673	N/A	N/A
NP_000005.3	XP_035968831.1	81.040	1461	270	4	1	1457	1	1458	0.0	2434	9711	N/A	N/A
NP_000005.3	XP_022433231.1	81.755	1447	259	3	32	1474	1	1446	0.0	2434	9749	N/A	N/A
NP_000005.3	XP_045318864.1	80.095	1477	289	3	1	1474	1	1475	0.0	2434	46844	N/A	N/A
NP_000005.3	XP_049550838.1	81.548	1447	262	3	32	1474	1	1446	0.0	2434	9733	N/A	N/A
NP_000005.3	XP_014916810.2	80.366	1477	285	3	1	1474	1	1475	0.0	2434	32536	N/A	N/A
NP_000005.3	XP_046304151.1	79.946	1476	288	3	1	1474	1	1470	0.0	2433	9995	N/A	N/A
NP_000005.3	XP_036923696.1	80.811	1480	272	5	1	1474	26	1499	0.0	2432	192404	N/A	N/A
NP_000005.3	XP_053777806.1	80.894	1476	264	6	1	1474	1	1460	0.0	2432	9430	N/A	N/A
NP_000005.3	XP_057558582.1	80.189	1479	283	5	1	1473	1	1475	0.0	2430	575201	N/A	N/A
NP_000005.3	XP_012588028.1	79.215	1477	303	3	1	1474	1	1476	0.0	2428	143302	N/A	N/A
NP_000005.3	XP_021576534.2	79.810	1476	288	4	1	1473	1	1469	0.0	2426	43179	N/A	N/A
NP_000005.3	XP_026235100.1	79.621	1477	291	4	1	1474	1	1470	0.0	2424	9999	N/A	N/A
NP_000005.3	XP_043737359.1	79.986	1479	287	6	1	1474	1	1475	0.0	2422	9860	N/A	N/A
NP_000005.3	XP_043296445.1	79.986	1479	287	6	1	1474	1	1475	0.0	2422	1574408	N/A	N/A
NP_000005.3	XP_004438702.1	80.311	1478	286	3	1	1474	1	1477	0.0	2421	73337	N/A	N/A
NP_000005.3	XP_054575256.1	80.378	1483	273	7	1	1473	1	1475	0.0	2420	29078	N/A	N/A
NP_000005.3	XP_007935408.1	79.450	1455	290	3	24	1471	21	1473	0.0	2419	1230840	N/A	N/A
NP_000005.3	XP_015983531.2	80.217	1476	286	3	1	1474	1	1472	0.0	2419	9407	N/A	N/A
NP_000005.3	XP_036765797.2	79.919	1479	292	3	1	1474	1	1479	0.0	2419	143292	N/A	N/A
NP_000005.3	XP_058414822.1	80.027	1482	283	4	1	1474	1	1477	0.0	2416	77932	N/A	N/A
NP_000005.3	XP_044929360.1	79.621	1477	296	3	1	1474	1	1475	0.0	2415	9669	N/A	N/A
NP_000005.3	XP_017498620.2	79.784	1479	294	3	1	1474	1	1479	0.0	2413	9974	N/A	N/A
NP_000005.3	XP_059042166.1	79.553	1477	297	3	1	1474	1	1475	0.0	2413	9666	N/A	N/A
NP_000005.3	XP_010989099.1	78.716	1480	307	5	1	1474	1	1478	0.0	2412	9838	N/A	N/A
NP_000005.3	XP_010989098.1	79.392	1480	298	4	1	1474	28	1506	0.0	2409	9838	N/A	N/A
NP_000005.3	XP_043296443.1	79.243	1479	298	6	1	1474	1	1475	0.0	2408	1574408	N/A	N/A
NP_000005.3	XP_043737358.1	79.243	1479	298	6	1	1474	1	1475	0.0	2408	9860	N/A	N/A
NP_000005.3	XP_032329223.1	79.324	1480	299	4	1	1474	28	1506	0.0	2407	419612	N/A	N/A
NP_000005.3	XP_032203077.1	79.215	1477	302	3	1	1474	1	1475	0.0	2405	36723	N/A	N/A
NP_000005.3	XP_059538151.1	78.784	1480	305	4	1	1473	1	1478	0.0	2405	98922	N/A	N/A
NP_000005.3	XP_027776004.1	78.726	1476	290	4	1	1474	86	1539	0.0	2404	93162	N/A	N/A
NP_000005.3	XP_044085016.1	78.741	1477	309	3	1	1474	1	1475	0.0	2403	452646	N/A	N/A
NP_000005.3	XP_055251064.1	79.581	1479	293	6	1	1474	1	1475	0.0	2402	68408	N/A	N/A
NP_000005.3	XP_058138735.1	79.186	1475	304	3	1	1474	54	1526	0.0	2401	9361	N/A	N/A
NP_000005.3	XP_010944683.1	79.054	1480	303	4	1	1474	28	1506	0.0	2399	9837	N/A	N/A
NP_000005.3	XP_032710829.1	79.012	1477	303	4	1	1474	1	1473	0.0	2395	76717	N/A	N/A
NP_000005.3	XP_006875548.1	77.861	1477	308	6	1	1469	13	1478	0.0	2394	185453	N/A	N/A
NP_000005.3	XP_059538150.1	78.311	1480	313	3	1	1473	1	1479	0.0	2393	98922	N/A	N/A
NP_000005.3	XP_054447416.1	79.743	1476	294	4	1	1474	1	1473	0.0	2393	1884717	N/A	N/A
NP_000005.3	XP_047723731.1	79.079	1477	281	4	1	1474	1	1452	0.0	2393	61388	N/A	N/A
NP_000005.3	XP_022350898.1	79.079	1477	302	4	1	1474	1	1473	0.0	2392	391180	N/A	N/A
NP_000005.3	XP_055251065.1	78.634	1479	307	6	1	1474	1	1475	0.0	2391	68408	N/A	N/A
NP_000005.3	XP_045866629.1	78.890	1478	306	4	1	1474	1	1476	0.0	2390	9662	N/A	N/A
NP_000005.3	XP_047598985.1	78.741	1477	307	4	1	1474	1	1473	0.0	2388	9657	N/A	N/A
NP_000005.3	XP_059538152.1	78.264	1486	306	6	1	1473	1	1482	0.0	2388	98922	N/A	N/A
NP_000005.3	XP_014307150.1	78.302	1484	309	5	1	1473	1	1482	0.0	2388	59463	N/A	N/A
NP_000005.3	XP_036108357.1	78.997	1476	302	5	1	1473	1	1471	0.0	2388	27622	N/A	N/A
NP_000005.3	XP_023605790.1	78.620	1478	306	5	1	1473	1	1473	0.0	2387	59463	N/A	N/A
NP_000005.3	XP_055972615.1	77.823	1479	323	3	1	1474	1	1479	0.0	2380	36803	N/A	N/A
NP_000005.3	XP_020030545.1	78.649	1480	302	6	1	1474	1	1472	0.0	2377	51338	N/A	N/A
NP_000005.3	XP_059042165.1	78.334	1477	313	4	1	1474	1	1473	0.0	2376	9666	N/A	N/A
NP_000005.3	XP_040091046.1	78.528	1481	307	5	1	1474	1	1477	0.0	2376	59534	N/A	N/A
NP_000005.3	XP_040091044.1	78.475	1482	310	5	1	1474	1	1481	0.0	2374	59534	N/A	N/A
NP_000005.3	XP_013843850.2	78.823	1478	307	4	1	1473	1	1477	0.0	2373	9823	N/A	N/A
NP_000005.3	XP_025138969.3	78.929	1457	299	5	22	1474	21	1473	0.0	2372	89462	N/A	N/A
NP_000005.3	XP_055426154.1	78.929	1457	299	5	22	1474	21	1473	0.0	2372	346063	N/A	N/A
NP_000005.3	XP_044929359.1	78.199	1477	315	4	1	1474	1	1473	0.0	2371	9669	N/A	N/A
NP_000005.3	XP_005898519.1	77.330	1513	302	4	1	1474	1	1511	0.0	2370	72004	N/A	N/A
NP_000005.3	XP_027397060.1	77.116	1512	306	4	1	1474	1	1510	0.0	2369	30522	N/A	N/A
NP_000005.3	NP_001103265.1	77.315	1512	303	4	1	1474	1	1510	0.0	2369	9913	N/A	N/A
NP_000005.3	XP_036313280.1	78.677	1482	301	7	1	1473	1	1476	0.0	2368	59472	N/A	N/A
NP_000005.3	XP_047643545.1	79.161	1478	302	4	1	1473	1	1477	0.0	2368	41426	N/A	N/A
NP_000005.3	XP_019817159.1	77.050	1512	307	4	1	1474	1	1510	0.0	2368	9915	N/A	N/A
NP_000005.3	XP_005680941.2	78.596	1481	306	5	1	1474	1	1477	0.0	2367	9925	N/A	N/A
NP_000005.3	XP_023597249.1	78.159	1456	308	3	26	1474	23	1475	0.0	2366	127582	N/A	N/A
NP_000005.3	XP_055426151.1	78.146	1478	315	5	1	1474	1	1474	0.0	2366	346063	N/A	N/A
NP_000005.3	XP_012030834.2	78.475	1482	310	5	1	1474	1	1481	0.0	2365	9940	N/A	N/A
NP_000005.3	XP_059042163.1	77.391	1495	313	5	1	1474	1	1491	0.0	2365	9666	N/A	N/A
NP_000005.3	XP_006069848.3	78.146	1478	315	5	1	1474	1	1474	0.0	2365	89462	N/A	N/A
NP_000005.3	XP_012030836.2	78.528	1481	307	5	1	1474	1	1477	0.0	2365	9940	N/A	N/A
NP_000005.3	XP_030177595.1	78.470	1477	281	4	1	1474	1	1443	0.0	2364	61383	N/A	N/A
NP_000005.3	XP_036092998.1	78.726	1476	283	4	1	1474	1	1447	0.0	2363	9407	N/A	N/A
NP_000005.3	XP_020948035.1	78.011	1478	319	4	1	1473	1	1477	0.0	2363	9823	N/A	N/A
NP_000005.3	XP_014334528.1	77.321	1508	301	4	1	1469	1	1506	0.0	2363	72004	N/A	N/A
NP_000005.3	XP_045443691.1	78.677	1482	302	6	1	1473	1	1477	0.0	2363	59472	N/A	N/A
NP_000005.3	XP_047643546.1	78.349	1478	314	4	1	1473	1	1477	0.0	2359	41426	N/A	N/A
NP_000005.3	XP_040091045.1	78.166	1461	308	5	21	1474	21	1477	0.0	2358	59534	N/A	N/A
NP_000005.3	XP_005207113.1	76.521	1512	315	4	1	1474	1	1510	0.0	2358	9913	N/A	N/A
NP_000005.3	XP_017904016.1	77.853	1481	317	5	1	1474	1	1477	0.0	2355	9925	N/A	N/A
NP_000005.3	XP_027397061.1	76.455	1512	316	4	1	1474	1	1510	0.0	2354	30522	N/A	N/A
NP_000005.3	XP_052495737.1	77.785	1481	318	5	1	1474	1	1477	0.0	2354	37181	N/A	N/A
NP_000005.3	XP_019817158.1	76.323	1512	318	4	1	1474	1	1510	0.0	2353	9915	N/A	N/A
NP_000005.3	XP_006901823.1	77.816	1456	317	2	24	1473	21	1476	0.0	2352	28737	N/A	N/A
NP_000005.3	XP_012030833.2	78.044	1462	312	5	21	1474	21	1481	0.0	2349	9940	N/A	N/A
NP_000005.3	XP_044993376.1	78.014	1460	310	5	20	1474	18	1471	0.0	2341	51337	N/A	N/A
NP_000005.3	XP_008845367.1	77.291	1462	324	5	19	1474	17	1476	0.0	2339	1026970	N/A	N/A
NP_000005.3	XP_054974128.1	76.664	1487	328	6	1	1474	1	1481	0.0	2335	42254	N/A	N/A
NP_000005.3	XP_049638885.1	76.991	1482	331	6	1	1474	1	1480	0.0	2334	109475	N/A	N/A
NP_000005.3	XP_037703142.1	77.043	1481	326	4	1	1474	1	1474	0.0	2331	27675	N/A	N/A
NP_000005.3	XP_029060636.1	82.075	1378	242	3	101	1474	1	1377	0.0	2328	40151	N/A	N/A
NP_000005.3	XP_008258028.1	78.214	1478	307	6	1	1474	1	1467	0.0	2322	9986	N/A	N/A
NP_000005.3	NP_001266780.1	77.466	1460	316	4	22	1474	22	1475	0.0	2316	10181	N/A	N/A
NP_000005.3	XP_012922731.1	77.329	1460	318	4	22	1474	22	1475	0.0	2308	10181	N/A	N/A
NP_000005.3	XP_049738355.1	76.849	1460	324	6	24	1474	21	1475	0.0	2296	99487	N/A	N/A
NP_000005.3	XP_049738356.1	76.955	1458	325	6	24	1474	21	1474	0.0	2296	99487	N/A	N/A
NP_000005.3	XP_023404493.1	76.923	1456	322	6	24	1470	21	1471	0.0	2293	9785	N/A	N/A
NP_000005.3	XP_045146453.1	74.983	1483	354	6	1	1474	1	1475	0.0	2293	9371	N/A	N/A
NP_000005.3	XP_045146452.1	74.933	1484	354	6	1	1474	1	1476	0.0	2293	9371	N/A	N/A
NP_000005.3	XP_031526388.1	76.538	1479	320	6	1	1473	28	1485	0.0	2289	30538	N/A	N/A
NP_000005.3	XP_059258555.1	78.246	1425	303	4	1	1422	1	1421	0.0	2286	77151	N/A	N/A
NP_000005.3	XP_019481708.1	77.838	1480	265	7	1	1474	1	1423	0.0	2283	186990	N/A	N/A
NP_000005.3	XP_039080346.1	76.252	1478	343	5	1	1474	1	1474	0.0	2281	95912	N/A	N/A
NP_000005.3	XP_025786693.1	76.694	1476	278	8	1	1471	1	1415	0.0	2279	9696	N/A	N/A
NP_000005.3	XP_025786693.1	50.769	65	32	0	1404	1468	1492	1556	6.16e-09	70.9	9696	N/A	N/A
NP_000005.3	XP_059258554.1	77.270	1443	303	5	1	1422	1	1439	0.0	2275	77151	N/A	N/A
NP_000005.3	XP_010606102.1	76.094	1485	334	4	1	1474	1	1475	0.0	2269	885580	N/A	N/A
NP_000005.3	XP_008587819.1	82.116	1342	233	4	32	1367	1	1341	0.0	2267	482537	N/A	N/A
NP_000005.3	XP_040828180.1	74.315	1460	354	6	23	1474	17	1463	0.0	2238	130825	N/A	N/A
NP_000005.3	XP_058511745.1	73.966	1475	356	7	1	1473	1	1449	0.0	2237	9978	N/A	N/A
NP_000005.3	NP_036620.2	73.818	1459	368	6	20	1474	24	1472	0.0	2222	10116	N/A	N/A
NP_000005.3	XP_005378946.1	74.747	1485	356	6	1	1474	1	1477	0.0	2218	34839	N/A	N/A
NP_000005.3	XP_032762543.1	73.800	1458	368	6	21	1474	25	1472	0.0	2213	10117	N/A	N/A
NP_000005.3	XP_023563183.1	74.147	1466	359	6	20	1474	22	1478	0.0	2212	10160	N/A	N/A
NP_000005.3	XP_028616918.1	72.659	1463	376	5	21	1474	26	1473	0.0	2206	491861	N/A	N/A
NP_000005.3	XP_045366164.1	79.223	1338	271	4	143	1474	7	1343	0.0	2204	9837	N/A	N/A
NP_000005.3	XP_016040552.1	72.488	1483	389	4	1	1474	1	1473	0.0	2196	9365	N/A	N/A
NP_000005.3	XP_016040551.1	72.312	1488	388	6	1	1474	1	1478	0.0	2192	9365	N/A	N/A
NP_000005.3	XP_031239151.1	72.840	1458	381	6	21	1474	27	1473	0.0	2187	35658	N/A	N/A
NP_000005.3	XP_049483003.1	72.367	1462	390	6	21	1474	21	1476	0.0	2185	29064	N/A	N/A
NP_000005.3	XP_021045820.1	72.154	1458	391	6	21	1474	28	1474	0.0	2175	10093	N/A	N/A
NP_000005.3	NP_783327.2	72.634	1458	384	6	21	1474	28	1474	0.0	2175	10090	N/A	N/A
NP_000005.3	NP_001166523.1	72.807	1482	389	4	1	1474	1	1476	0.0	2170	10141	N/A	N/A
NP_000005.3	XP_058599733.1	71.674	1458	399	6	21	1470	21	1472	0.0	2164	61452	N/A	N/A
NP_000005.3	XP_034367710.1	72.036	1459	394	5	21	1474	67	1516	0.0	2160	61156	N/A	N/A
NP_000005.3	XP_008534364.1	71.932	1475	399	7	1	1470	1	1465	0.0	2159	9796;9798	N/A	N/A
NP_000005.3	XP_008534365.1	71.932	1475	399	7	1	1470	1	1465	0.0	2158	9796;9798	N/A	N/A
NP_000005.3	XP_049483001.1	71.536	1458	401	6	21	1470	21	1472	0.0	2158	29064	N/A	N/A
NP_000005.3	XP_026237908.1	70.974	1478	417	6	1	1470	1	1474	0.0	2157	9999	N/A	N/A
NP_000005.3	XP_015398393.2	71.468	1458	402	6	21	1470	21	1472	0.0	2157	9694	N/A	N/A
NP_000005.3	XP_046530661.1	71.797	1475	401	7	1	1470	1	1465	0.0	2157	89248	N/A	N/A
NP_000005.3	XP_046530671.1	71.797	1475	401	7	1	1470	1	1465	0.0	2156	89248	N/A	N/A
NP_000005.3	XP_047723732.1	71.595	1461	395	6	21	1470	21	1472	0.0	2154	61388	N/A	N/A
NP_000005.3	XP_046922158.1	71.409	1462	396	6	21	1470	21	1472	0.0	2154	61384	N/A	N/A
NP_000005.3	XP_014916809.3	71.321	1461	399	6	21	1470	44	1495	0.0	2152	32536	N/A	N/A
NP_000005.3	XP_008695710.1	71.544	1483	399	6	1	1470	1	1473	0.0	2152	29073	N/A	N/A
NP_000005.3	XP_042801695.1	71.262	1458	405	6	21	1470	21	1472	0.0	2151	9689	N/A	N/A
NP_000005.3	XP_044917282.1	71.321	1461	399	6	21	1470	21	1472	0.0	2151	9685	N/A	N/A
NP_000005.3	XP_019320102.2	71.262	1458	405	6	21	1470	21	1472	0.0	2150	9691	N/A	N/A
NP_000005.3	XP_045318863.1	71.155	1463	398	6	21	1470	44	1495	0.0	2150	46844	N/A	N/A
NP_000005.3	XP_021576536.2	70.723	1479	420	6	1	1470	1	1475	0.0	2147	43179	N/A	N/A
NP_000005.3	XP_015362061.1	70.481	1477	425	4	1	1470	1	1473	0.0	2147	9994	N/A	N/A
NP_000005.3	XP_030177593.1	71.047	1461	403	6	21	1470	21	1472	0.0	2146	61383	N/A	N/A
NP_000005.3	XP_045637262.1	71.409	1483	401	6	1	1470	1	1473	0.0	2145	9643	N/A	N/A
NP_000005.3	XP_051011255.1	71.544	1490	401	6	1	1474	55	1537	0.0	2144	60746	N/A	N/A
NP_000005.3	XP_037370273.2	70.525	1486	413	8	1	1468	1	1479	0.0	2141	50954	N/A	N/A
NP_000005.3	XP_037702701.1	70.000	1490	417	5	1	1470	1	1480	0.0	2141	27675	N/A	N/A
NP_000005.3	XP_037702700.1	69.953	1491	417	5	1	1470	1	1481	0.0	2140	27675	N/A	N/A
NP_000005.3	XP_058436482.1	70.373	1475	426	4	1	1468	1	1471	0.0	2140	9995	N/A	N/A
NP_000005.3	XP_004451443.2	70.651	1489	410	7	1	1470	1	1481	0.0	2140	9361	N/A	N/A
NP_000005.3	XP_040594304.1	70.616	1477	421	5	1	1473	1	1468	0.0	2138	10036	N/A	N/A
NP_000005.3	XP_043420607.1	71.742	1458	395	7	21	1470	21	1469	0.0	2137	37029	N/A	N/A
NP_000005.3	XP_052030728.1	72.135	1457	393	6	21	1474	34	1480	0.0	2135	10129	N/A	N/A
NP_000005.3	XP_047405548.1	70.014	1464	417	5	22	1471	21	1476	0.0	2133	30640	N/A	N/A
NP_000005.3	XP_058414819.1	72.407	1446	384	6	30	1470	38	1473	0.0	2132	77932	N/A	N/A
NP_000005.3	XP_047405549.1	70.062	1463	417	5	22	1471	21	1475	0.0	2132	30640	N/A	N/A
NP_000005.3	XP_044612246.1	71.226	1484	400	11	1	1470	1	1471	0.0	2125	9793	N/A	N/A
NP_000005.3	XP_021103668.1	77.578	1338	287	4	144	1474	6	1337	0.0	2123	10181	N/A	N/A
NP_000005.3	XP_014649443.1	72.230	1444	386	6	32	1470	1	1434	0.0	2123	73337	N/A	N/A
NP_000005.3	XP_006164927.1	69.533	1477	433	7	1	1470	1	1467	0.0	2117	246437	N/A	N/A
NP_000005.3	XP_008139047.2	70.188	1486	422	6	1	1470	1	1481	0.0	2117	29078	N/A	N/A
NP_000005.3	XP_022433232.1	81.978	1254	221	3	225	1474	6	1258	0.0	2111	9749	N/A	N/A
NP_000005.3	XP_029060637.1	81.898	1254	222	3	225	1474	6	1258	0.0	2108	40151	N/A	N/A
NP_000005.3	XP_057347265.1	70.541	1480	421	5	1	1468	1	1477	0.0	2104	143292	N/A	N/A
NP_000005.3	XP_004410961.1	70.094	1488	415	9	1	1467	1	1479	0.0	2102	9708	N/A	N/A
NP_000005.3	XP_004692639.1	69.169	1492	427	10	1	1474	1	1477	0.0	2092	143302	N/A	N/A
NP_000005.3	XP_057559255.1	69.857	1473	429	7	1	1469	1	1462	0.0	2082	575201	N/A	N/A
NP_000005.3	XP_057175009.1	71.300	1439	390	6	1	1426	1	1429	0.0	2081	9644	N/A	N/A
NP_000005.3	XP_032246649.1	69.142	1481	437	7	1	1468	1	1474	0.0	2080	9720	N/A	N/A
NP_000005.3	XP_045042887.2	68.527	1487	435	8	1	1470	1	1471	0.0	2078	9430	N/A	N/A
NP_000005.3	XP_038175201.2	69.695	1475	433	5	1	1469	1	1467	0.0	2077	1047088	N/A	N/A
NP_000005.3	XP_052577519.1	68.940	1481	430	7	1	1469	1	1463	0.0	2076	564181	N/A	N/A
NP_000005.3	XP_006084291.2	69.717	1486	430	6	1	1470	1	1482	0.0	2076	59463	N/A	N/A
NP_000005.3	XP_036156166.1	69.732	1490	427	5	1	1470	2	1487	0.0	2075	51298	N/A	N/A
NP_000005.3	XP_045443689.1	69.210	1481	441	4	1	1470	1	1477	0.0	2075	59472	N/A	N/A
NP_000005.3	XP_051059642.1	69.779	1446	424	5	32	1473	1	1437	0.0	2074	109678	N/A	N/A
NP_000005.3	XP_045443690.1	69.142	1481	442	4	1	1470	1	1477	0.0	2073	59472	N/A	N/A
NP_000005.3	XP_045695717.1	69.107	1489	420	7	1	1468	5	1474	0.0	2072	9423	N/A	N/A
NP_000005.3	XP_059114508.1	68.418	1485	439	7	1	1473	51	1517	0.0	2072	42410	N/A	N/A
NP_000005.3	XP_045443686.1	69.070	1484	441	5	1	1470	1	1480	0.0	2070	59472	N/A	N/A
NP_000005.3	XP_005871418.1	69.939	1477	417	7	1	1470	2	1458	0.0	2070	109478	N/A	N/A
NP_000005.3	XP_045443687.1	69.003	1484	442	5	1	1470	1	1480	0.0	2068	59472	N/A	N/A
NP_000005.3	XP_057626983.1	68.986	1480	445	5	1	1474	1	1472	0.0	2066	269649	N/A	N/A
NP_000005.3	XP_048300273.1	68.940	1481	441	6	1	1474	1	1469	0.0	2065	447135	N/A	N/A
NP_000005.3	XP_036923698.1	68.940	1481	433	6	1	1468	1	1467	0.0	2061	192404	N/A	N/A
NP_000005.3	XP_042129974.1	68.035	1486	444	8	1	1473	52	1519	0.0	2061	230844	N/A	N/A
NP_000005.3	XP_036037831.1	68.293	1476	456	4	1	1473	1	1467	0.0	2061	38674	N/A	N/A
NP_000005.3	XP_005365219.1	68.784	1480	448	6	1	1474	1	1472	0.0	2060	79684	N/A	N/A
NP_000005.3	XP_036864622.1	68.750	1488	448	6	1	1474	1	1485	0.0	2059	9974	N/A	N/A
NP_000005.3	XP_057348249.1	70.041	1452	417	8	28	1474	27	1465	0.0	2058	143292	N/A	N/A
NP_000005.3	XP_019569051.1	81.386	1241	226	4	235	1473	1	1238	0.0	2050	89399	N/A	N/A
NP_000005.3	XP_028736237.2	67.766	1486	448	8	1	1473	51	1518	0.0	2048	10041	N/A	N/A
NP_000005.3	XP_054974212.1	68.922	1493	437	10	1	1474	1	1485	0.0	2047	42254	N/A	N/A
NP_000005.3	XP_050020091.1	68.784	1480	448	6	1	1474	1	1472	0.0	2046	100897	N/A	N/A
NP_000005.3	XP_059114506.1	68.108	1480	442	7	1	1468	51	1512	0.0	2045	42410	N/A	N/A
NP_000005.3	XP_055973386.1	68.566	1492	447	10	1	1474	1	1488	0.0	2044	36803	N/A	N/A
NP_000005.3	XP_041499265.1	68.514	1480	452	6	1	1474	1	1472	0.0	2043	111838	N/A	N/A
NP_000005.3	XP_053517599.1	68.286	1482	441	7	1	1468	1	1467	0.0	2039	9417	N/A	N/A
NP_000005.3	XP_021488325.1	68.703	1457	442	8	21	1473	24	1470	0.0	2038	10047	N/A	N/A
NP_000005.3	XP_041499260.1	68.467	1481	452	7	1	1474	1	1473	0.0	2038	111838	N/A	N/A
NP_000005.3	XP_016077346.1	80.114	1232	239	4	246	1473	1	1230	0.0	2037	291302	N/A	N/A
NP_000005.3	XP_042129972.1	67.725	1481	447	8	1	1468	52	1514	0.0	2036	230844	N/A	N/A
NP_000005.3	XP_022433233.1	81.668	1211	217	3	268	1474	1	1210	0.0	2029	9749	N/A	N/A
NP_000005.3	XP_027285155.1	66.966	1450	469	3	22	1469	25	1466	0.0	1997	10029	N/A	N/A
NP_000005.3	XP_026644003.1	69.214	1413	425	5	64	1474	1	1405	0.0	1995	79684	N/A	N/A
NP_000005.3	XP_025786692.1	67.509	1465	436	11	21	1470	21	1460	0.0	1993	9696	N/A	N/A
NP_000005.3	XP_035872826.1	67.568	1480	435	8	1	1468	5	1451	0.0	1989	89673	N/A	N/A
NP_000005.3	XP_015414208.1	66.997	1515	413	12	32	1470	1	1504	0.0	1979	225400	N/A	N/A
NP_000005.3	XP_053081777.1	70.493	1359	381	6	21	1368	44	1393	0.0	1978	32536	N/A	N/A
NP_000005.3	XP_021103671.1	77.706	1247	265	4	235	1474	1	1241	0.0	1973	10181	N/A	N/A
NP_000005.3	XP_035313798.1	66.116	1452	480	5	22	1469	25	1468	0.0	1963	10029	N/A	N/A
NP_000005.3	XP_045443692.1	78.965	1217	242	6	266	1473	1	1212	0.0	1948	59472	N/A	N/A
NP_000005.3	XP_020037145.1	65.558	1443	481	7	30	1468	15	1445	0.0	1935	51338	N/A	N/A
NP_000005.3	XP_042129975.1	67.649	1391	420	7	90	1468	93	1465	0.0	1930	230844	N/A	N/A
NP_000005.3	XP_043821771.1	64.022	1487	514	11	1	1474	1	1479	0.0	1924	33562	N/A	N/A
NP_000005.3	XP_043821769.1	63.893	1490	514	11	1	1474	1	1482	0.0	1922	33562	N/A	N/A
NP_000005.3	XP_034501619.1	65.197	1474	502	7	1	1468	1	1469	0.0	1920	9646	N/A	N/A
NP_000005.3	XP_008258026.1	65.400	1474	483	9	1	1470	1	1451	0.0	1920	9986	N/A	N/A
NP_000005.3	XP_043821772.1	63.973	1485	509	11	1	1474	1	1470	0.0	1919	33562	N/A	N/A
NP_000005.3	XP_043821770.1	63.893	1490	513	12	1	1474	1	1481	0.0	1917	33562	N/A	N/A
NP_000005.3	XP_013366904.1	64.821	1481	493	12	1	1470	1	1464	0.0	1912	34839	N/A	N/A
NP_000005.3	XP_028910131.1	62.721	1470	533	7	11	1468	11	1477	0.0	1905	9258	N/A	N/A
NP_000005.3	XP_039080348.1	70.182	1318	380	5	162	1470	21	1334	0.0	1904	95912	N/A	N/A
NP_000005.3	XP_051706081.1	65.835	1443	466	9	32	1470	1	1420	0.0	1899	9986	N/A	N/A
NP_000005.3	XP_059242454.1	78.475	1180	249	3	1	1177	1	1178	0.0	1895	77151	N/A	N/A
NP_000005.3	XP_005378945.2	65.172	1450	477	12	32	1470	1	1433	0.0	1887	34839	N/A	N/A
NP_000005.3	XP_026644002.1	69.167	1333	402	4	144	1474	6	1331	0.0	1884	79684	N/A	N/A
NP_000005.3	XP_030408849.1	61.976	1478	543	9	1	1469	1	1468	0.0	1883	1825980	N/A	N/A
NP_000005.3	XP_051819217.1	62.722	1462	520	8	25	1470	22	1474	0.0	1879	38775	N/A	N/A
NP_000005.3	XP_051819218.1	62.912	1456	526	7	25	1470	22	1473	0.0	1877	38775	N/A	N/A
NP_000005.3	NP_001166532.1	63.415	1476	519	8	1	1470	1	1461	0.0	1872	10141	N/A	N/A
NP_000005.3	XP_028910211.1	62.398	1468	526	10	21	1474	21	1476	0.0	1868	9258	N/A	N/A
NP_000005.3	XP_050799087.1	61.585	1489	536	12	1	1469	1	1473	0.0	1867	286002	N/A	N/A
NP_000005.3	XP_028910210.1	62.474	1463	525	9	21	1471	21	1471	0.0	1865	9258	N/A	N/A
NP_000005.3	XP_039392331.1	61.477	1490	543	12	1	1469	1	1480	0.0	1865	260615	N/A	N/A
NP_000005.3	XP_038623687.1	61.807	1461	545	7	21	1470	34	1492	0.0	1863	9261	N/A	N/A
NP_000005.3	XP_044854066.1	61.678	1490	538	13	1	1469	1	1478	0.0	1861	74926	N/A	N/A
NP_000005.3	XP_032634557.1	61.799	1479	539	11	1	1469	1	1463	0.0	1859	106734	N/A	N/A
NP_000005.3	XP_020849903.1	62.802	1492	524	10	1	1474	1	1479	0.0	1858	38626	N/A	N/A
NP_000005.3	XP_027694347.1	63.381	1461	520	7	25	1474	22	1478	0.0	1858	29139	N/A	N/A
NP_000005.3	XP_048678450.1	61.216	1480	554	9	1	1469	30	1500	0.0	1857	8467	N/A	N/A
NP_000005.3	XP_053517600.1	68.633	1339	391	7	144	1468	12	1335	0.0	1857	9417	N/A	N/A
NP_000005.3	XP_053896198.1	61.569	1491	539	13	1	1469	1	1479	0.0	1855	2991368	N/A	N/A
NP_000005.3	XP_037768716.1	61.622	1480	548	9	1	1469	30	1500	0.0	1855	8469	N/A	N/A
NP_000005.3	XP_012406159.1	62.791	1462	519	8	25	1470	21	1473	0.0	1855	9305	N/A	N/A
NP_000005.3	XP_023360294.1	62.981	1456	525	7	25	1470	21	1472	0.0	1854	9305	N/A	N/A
NP_000005.3	XP_036037833.1	61.632	1483	537	11	1	1468	1	1466	0.0	1849	38674	N/A	N/A
NP_000005.3	XP_039392342.1	61.212	1485	523	12	1	1469	1	1448	0.0	1848	260615	N/A	N/A
NP_000005.3	XP_004451447.2	62.062	1484	547	10	1	1474	2	1479	0.0	1845	9361	N/A	N/A
NP_000005.3	XP_023984905.1	61.976	1478	529	13	20	1474	19	1486	0.0	1841	9755	N/A	N/A
NP_000005.3	XP_055460090.1	60.966	1491	553	12	1	1473	1	1480	0.0	1837	48139	N/A	N/A
NP_000005.3	XP_007469563.1	62.287	1469	525	10	20	1468	19	1478	0.0	1836	118797	N/A	N/A
NP_000005.3	XP_055460089.1	61.104	1486	549	12	1	1468	1	1475	0.0	1836	48139	N/A	N/A
NP_000005.3	XP_058936266.1	61.814	1477	533	12	20	1474	19	1486	0.0	1835	27615	N/A	N/A
NP_000005.3	XP_016040550.1	62.356	1477	525	10	1	1470	1	1453	0.0	1834	9365	N/A	N/A
NP_000005.3	XP_036721276.1	62.195	1476	529	10	20	1474	19	1486	0.0	1834	9771	N/A	N/A
NP_000005.3	XP_037060072.1	61.327	1492	547	8	1	1474	1	1480	0.0	1834	10041	N/A	N/A
NP_000005.3	XP_043369831.1	60.743	1480	561	10	1	1469	30	1500	0.0	1833	27794	N/A	N/A
NP_000005.3	XP_014649331.1	62.832	1469	511	15	20	1468	19	1472	0.0	1833	73337	N/A	N/A
NP_000005.3	XP_036037836.1	61.783	1481	544	8	1	1468	1	1472	0.0	1832	38674	N/A	N/A
NP_000005.3	XP_057559019.1	62.440	1467	530	9	20	1470	19	1480	0.0	1830	575201	N/A	N/A
NP_000005.3	XP_016077212.1	62.212	1474	532	10	10	1468	9	1472	0.0	1829	291302	N/A	N/A
NP_000005.3	XP_038176280.1	60.224	1516	540	11	1	1473	1	1496	0.0	1829	1047088	N/A	N/A
NP_000005.3	XP_045637264.1	70.843	1269	345	7	217	1470	2	1260	0.0	1829	9643	N/A	N/A
NP_000005.3	XP_034368490.1	60.622	1478	557	9	1	1468	1	1463	0.0	1828	61156	N/A	N/A
NP_000005.3	XP_010606099.1	62.754	1474	527	11	2	1470	38	1494	0.0	1828	885580	N/A	N/A
NP_000005.3	XP_040593033.1	61.544	1490	534	11	1	1473	1	1468	0.0	1828	10036	N/A	N/A
NP_000005.3	XP_028616887.1	60.175	1484	570	9	1	1473	1	1474	0.0	1827	491861	N/A	N/A
NP_000005.3	XP_010989097.1	62.088	1485	546	10	1	1474	1	1479	0.0	1826	9838	N/A	N/A
NP_000005.3	XP_033264027.1	61.773	1478	532	12	20	1474	19	1486	0.0	1825	9733	N/A	N/A
NP_000005.3	XP_037060068.1	60.838	1504	547	9	1	1474	1	1492	0.0	1825	10041	N/A	N/A
NP_000005.3	XP_022433227.1	61.940	1474	536	13	20	1474	19	1486	0.0	1825	9749	N/A	N/A
NP_000005.3	XP_028616886.1	60.311	1479	566	9	1	1468	1	1469	0.0	1825	491861	N/A	N/A
NP_000005.3	XP_058414820.1	62.466	1468	519	14	20	1468	19	1473	0.0	1825	77932	N/A	N/A
NP_000005.3	XP_054575257.1	62.263	1476	518	12	20	1474	19	1476	0.0	1824	29078	N/A	N/A
NP_000005.3	XP_037060069.1	60.771	1504	548	9	1	1474	1	1492	0.0	1823	10041	N/A	N/A
NP_000005.3	XP_033264028.1	61.905	1470	529	11	20	1468	19	1478	0.0	1823	9733	N/A	N/A
NP_000005.3	XP_010606097.1	62.712	1475	527	12	2	1470	38	1495	0.0	1823	885580	N/A	N/A
NP_000005.3	XP_029060825.1	61.872	1474	537	13	20	1474	19	1486	0.0	1823	40151	N/A	N/A
NP_000005.3	XP_024588956.1	61.476	1477	538	11	20	1474	19	1486	0.0	1823	1706337	N/A	N/A
NP_000005.3	XP_028018121.2	61.721	1476	536	10	20	1474	19	1486	0.0	1822	9767	N/A	N/A
NP_000005.3	XP_036311232.1	62.457	1457	529	10	20	1468	19	1465	0.0	1822	59472	N/A	N/A
NP_000005.3	XP_039730207.1	61.301	1491	552	12	1	1474	25	1507	0.0	1822	143291	N/A	N/A
NP_000005.3	XP_036614485.1	61.796	1492	545	10	1	1474	1	1485	0.0	1822	9337	N/A	N/A
NP_000005.3	XP_036311232.2	62.371	1459	531	10	20	1470	19	1467	0.0	1821	59472	N/A	N/A
NP_000005.3	XP_032710830.1	62.193	1468	533	10	20	1474	19	1477	0.0	1821	76717	N/A	N/A
NP_000005.3	XP_032502548.1	61.476	1477	538	11	20	1474	19	1486	0.0	1820	42100	N/A	N/A
NP_000005.3	XP_006914785.1	61.269	1482	549	10	1	1468	1	1471	0.0	1820	9402	N/A	N/A
NP_000005.3	XP_052577520.1	61.440	1486	532	9	1	1468	1	1463	0.0	1819	564181	N/A	N/A
NP_000005.3	XP_046531648.1	61.944	1461	536	9	20	1467	19	1472	0.0	1819	89248	N/A	N/A
NP_000005.3	XP_004410947.1	61.872	1474	549	8	1	1470	1	1465	0.0	1818	9708	N/A	N/A
NP_000005.3	XP_047598675.1	61.399	1487	551	11	1	1474	1	1477	0.0	1818	9657	N/A	N/A
NP_000005.3	XP_059113093.1	61.575	1486	539	9	1	1468	1	1472	0.0	1818	42410	N/A	N/A
NP_000005.3	XP_051059641.1	61.591	1471	546	9	12	1473	11	1471	0.0	1818	109678	N/A	N/A
NP_000005.3	XP_044612249.1	61.944	1461	536	9	20	1467	19	1472	0.0	1818	9793	N/A	N/A
NP_000005.3	XP_046531639.1	61.885	1464	533	10	20	1467	19	1473	0.0	1817	89248	N/A	N/A
NP_000005.3	XP_044612248.1	61.885	1464	533	10	20	1467	19	1473	0.0	1817	9793	N/A	N/A
NP_000005.3	XP_038176281.1	60.507	1499	529	11	18	1473	14	1492	0.0	1817	1047088	N/A	N/A
NP_000005.3	XP_026358592.2	61.134	1482	554	10	1	1470	1	1472	0.0	1816	9644	N/A	N/A
NP_000005.3	XP_057619340.1	61.461	1492	545	10	1	1474	1	1480	0.0	1816	269649	N/A	N/A
NP_000005.3	XP_047598674.1	61.332	1487	553	10	1	1474	1	1478	0.0	1816	9657	N/A	N/A
NP_000005.3	XP_040498074.1	61.269	1482	552	10	1	1470	1	1472	0.0	1816	29073	N/A	N/A
NP_000005.3	XP_028736242.1	61.033	1491	552	8	1	1474	1	1479	0.0	1816	10041	N/A	N/A
NP_000005.3	XP_041489451.1	60.982	1507	542	11	1	1473	1	1495	0.0	1816	111838	N/A	N/A
NP_000005.3	XP_008534361.1	61.944	1461	536	9	20	1467	19	1472	0.0	1816	9798	N/A	N/A
NP_000005.3	XP_044241170.2	61.119	1484	553	11	1	1470	1	1474	0.0	1815	9644	N/A	N/A
NP_000005.3	XP_045637267.1	61.253	1484	549	10	1	1470	1	1472	0.0	1815	9643	N/A	N/A
NP_000005.3	XP_057175011.1	61.258	1479	551	10	1	1467	1	1469	0.0	1815	9644	N/A	N/A
NP_000005.3	XP_008534360.1	61.885	1464	533	10	20	1467	19	1473	0.0	1815	9798	N/A	N/A
NP_000005.3	XP_045869347.1	61.405	1495	548	14	1	1474	1	1487	0.0	1815	9662	N/A	N/A
NP_000005.3	XP_037060073.1	61.790	1497	532	11	1	1474	1	1480	0.0	1815	10041	N/A	N/A
NP_000005.3	XP_057175010.1	61.242	1481	550	11	1	1467	1	1471	0.0	1815	9644	N/A	N/A
NP_000005.3	XP_045366165.1	61.818	1485	549	11	1	1474	1	1478	0.0	1815	9837	N/A	N/A
NP_000005.3	XP_050020090.1	60.277	1518	540	11	1	1473	1	1500	0.0	1814	100897	N/A	N/A
NP_000005.3	XP_014596179.2	61.817	1464	534	10	20	1467	19	1473	0.0	1813	9796	N/A	N/A
NP_000005.3	XP_026644098.1	61.312	1494	534	11	1	1468	1	1476	0.0	1813	79684	N/A	N/A
NP_000005.3	XP_014421040.2	61.751	1485	550	11	1	1474	1	1478	0.0	1813	419612	N/A	N/A
NP_000005.3	XP_007503683.2	60.604	1490	563	11	1	1474	1	1482	0.0	1810	13616	N/A	N/A
NP_000005.3	XP_052577521.1	61.420	1493	539	11	1	1468	1	1481	0.0	1810	564181	N/A	N/A
NP_000005.3	XP_019569064.1	61.216	1480	557	10	1	1468	1	1475	0.0	1810	89399	N/A	N/A
NP_000005.3	XP_019569063.1	61.216	1480	557	10	1	1468	1	1475	0.0	1810	89399	N/A	N/A
NP_000005.3	XP_036037834.1	61.104	1486	541	10	1	1468	1	1467	0.0	1810	38674	N/A	N/A
NP_000005.3	XP_015106774.1	61.435	1491	544	13	1	1474	1	1477	0.0	1809	30538	N/A	N/A
NP_000005.3	XP_048300272.1	60.330	1515	539	11	1	1473	1	1495	0.0	1808	447135	N/A	N/A
NP_000005.3	XP_015983530.2	61.440	1486	555	11	1	1474	24	1503	0.0	1807	9407	N/A	N/A
NP_000005.3	XP_007503682.2	60.442	1494	563	11	1	1474	1	1486	0.0	1806	13616	N/A	N/A
NP_000005.3	XP_037060070.1	61.299	1509	532	12	1	1474	1	1492	0.0	1804	10041	N/A	N/A
NP_000005.3	XP_045869402.1	60.698	1491	550	11	1	1470	1	1476	0.0	1804	9662	N/A	N/A
NP_000005.3	XP_038270137.1	60.622	1478	557	12	1	1469	1	1462	0.0	1803	27794	N/A	N/A
NP_000005.3	XP_032203098.1	61.765	1462	540	9	20	1470	19	1472	0.0	1802	36723	N/A	N/A
NP_000005.3	XP_032203096.1	61.680	1464	540	9	20	1470	19	1474	0.0	1801	36723	N/A	N/A
NP_000005.3	XP_037768598.1	60.380	1474	567	11	1	1469	1	1462	0.0	1801	8469	N/A	N/A
NP_000005.3	XP_022350715.1	61.407	1464	543	9	20	1470	19	1473	0.0	1801	391180	N/A	N/A
NP_000005.3	XP_035316209.1	61.538	1482	543	12	1	1468	1	1469	0.0	1800	10029	N/A	N/A
NP_000005.3	XP_032203097.1	61.680	1464	539	10	20	1470	19	1473	0.0	1799	36723	N/A	N/A
NP_000005.3	XP_053896357.1	60.949	1475	559	10	1	1469	1	1464	0.0	1799	2991368	N/A	N/A
NP_000005.3	XP_059042162.1	61.749	1464	537	10	20	1470	19	1472	0.0	1798	9666	N/A	N/A
NP_000005.3	XP_059042161.1	61.911	1465	535	12	20	1470	19	1474	0.0	1797	9666	N/A	N/A
NP_000005.3	XP_055192814.1	61.388	1484	547	13	1	1470	1	1472	0.0	1796	34880	N/A	N/A
NP_000005.3	XP_041592176.1	61.590	1484	544	13	1	1470	1	1472	0.0	1796	494514	N/A	N/A
NP_000005.3	XP_059042192.1	61.412	1459	546	10	20	1470	19	1468	0.0	1795	9666	N/A	N/A
NP_000005.3	XP_055250306.1	60.981	1489	553	13	1	1470	1	1480	0.0	1795	68408	N/A	N/A
NP_000005.3	XP_044085304.1	61.570	1465	544	9	20	1473	19	1475	0.0	1795	452646	N/A	N/A
NP_000005.3	XP_053896351.1	60.893	1478	556	12	1	1469	1	1465	0.0	1795	2991368	N/A	N/A
NP_000005.3	XP_045726976.1	61.299	1478	559	9	1	1470	1	1473	0.0	1795	9716	N/A	N/A
NP_000005.3	XP_012905015.1	61.843	1465	536	12	20	1470	19	1474	0.0	1795	9669	N/A	N/A
NP_000005.3	XP_034884151.1	61.299	1478	559	9	1	1470	1	1473	0.0	1794	9715	N/A	N/A
NP_000005.3	XP_044085302.1	61.376	1468	544	9	20	1473	19	1477	0.0	1794	452646	N/A	N/A
NP_000005.3	XP_043297125.1	60.473	1480	540	12	20	1470	19	1482	0.0	1794	1574408	N/A	N/A
NP_000005.3	XP_004779764.1	61.680	1464	538	10	20	1470	19	1472	0.0	1794	9669	N/A	N/A
NP_000005.3	XP_059258556.1	61.706	1465	538	12	20	1470	19	1474	0.0	1793	77151	N/A	N/A
NP_000005.3	XP_059258557.1	61.544	1464	540	10	20	1470	19	1472	0.0	1793	77151	N/A	N/A
NP_000005.3	XP_039392319.1	61.279	1485	548	13	1	1469	1	1474	0.0	1792	260615	N/A	N/A
NP_000005.3	XP_027449765.1	61.253	1484	549	12	1	1470	1	1472	0.0	1792	9704	N/A	N/A
NP_000005.3	XP_028616885.1	59.030	1484	589	8	1	1473	1	1476	0.0	1791	491861	N/A	N/A
NP_000005.3	XP_028616884.1	59.162	1479	585	8	1	1468	1	1471	0.0	1791	491861	N/A	N/A
NP_000005.3	XP_050801162.1	60.700	1486	554	15	1	1469	1	1473	0.0	1791	286002	N/A	N/A
NP_000005.3	XP_043738072.1	60.541	1480	539	12	20	1470	19	1482	0.0	1791	9860	N/A	N/A
NP_000005.3	XP_025851019.1	61.456	1484	546	13	1	1470	1	1472	0.0	1790	9627	N/A	N/A
NP_000005.3	XP_054447414.1	60.816	1470	554	9	20	1474	19	1481	0.0	1790	1884717	N/A	N/A
NP_000005.3	XP_035313804.1	60.753	1488	554	12	1	1471	1	1475	0.0	1790	10029	N/A	N/A
NP_000005.3	XP_035313804.1	64.634	82	29	0	87	168	1492	1573	3.83e-21	110	10029	N/A	N/A
NP_000005.3	XP_035304914.1	60.563	1491	549	11	1	1468	1	1475	0.0	1789	10029	N/A	N/A
NP_000005.3	XP_048678464.1	59.973	1474	573	9	1	1469	1	1462	0.0	1788	8467	N/A	N/A
NP_000005.3	XP_039392357.1	61.227	1483	552	13	1	1469	1	1474	0.0	1787	260615	N/A	N/A
NP_000005.3	NP_075591.1	59.021	1491	588	6	1	1473	1	1486	0.0	1787	10116	N/A	N/A
NP_000005.3	XP_025310813.3	61.063	1487	553	13	1	1473	1	1475	0.0	1786	286419	N/A	N/A
NP_000005.3	XP_005637231.1	60.995	1487	554	13	1	1473	1	1475	0.0	1785	9615	N/A	N/A
NP_000005.3	XP_006505763.1	59.021	1491	577	10	1	1473	1	1475	0.0	1785	10090	N/A	N/A
NP_000005.3	XP_047404631.1	61.134	1464	542	11	22	1468	21	1474	0.0	1785	30640	N/A	N/A
NP_000005.3	XP_044854314.1	60.673	1485	556	13	1	1469	1	1473	0.0	1785	74926	N/A	N/A
NP_000005.3	XP_038432676.1	60.995	1487	554	13	1	1473	1	1475	0.0	1784	9615	N/A	N/A
NP_000005.3	XP_044085305.1	61.544	1464	543	10	22	1473	21	1476	0.0	1784	452646	N/A	N/A
NP_000005.3	XP_048958477.1	60.887	1488	560	11	1	1473	1	1481	0.0	1783	286419	N/A	N/A
NP_000005.3	XP_049738357.1	60.625	1473	558	9	20	1474	19	1487	0.0	1783	99487	N/A	N/A
NP_000005.3	XP_005637230.1	60.820	1488	561	11	1	1473	1	1481	0.0	1783	9615	N/A	N/A
NP_000005.3	XP_038294978.1	60.928	1487	555	13	1	1473	1	1475	0.0	1782	9615	N/A	N/A
NP_000005.3	XP_034368491.1	59.173	1499	567	14	1	1468	1	1485	0.0	1782	61156	N/A	N/A
NP_000005.3	XP_045695718.1	60.380	1474	553	9	21	1474	20	1482	0.0	1782	9423	N/A	N/A
NP_000005.3	XP_037023804.2	60.298	1476	556	10	20	1474	19	1485	0.0	1781	9417	N/A	N/A
NP_000005.3	XP_035304913.1	60.952	1470	546	10	15	1468	14	1471	0.0	1781	10029	N/A	N/A
NP_000005.3	XP_025138970.2	60.583	1474	551	12	20	1470	19	1485	0.0	1781	89462	N/A	N/A
NP_000005.3	XP_047404632.1	61.134	1464	541	12	22	1468	21	1473	0.0	1781	30640	N/A	N/A
NP_000005.3	NP_032671.2	58.512	1492	583	10	1	1473	1	1475	0.0	1781	10090	N/A	N/A
NP_000005.3	XP_030393667.1	59.987	1482	569	12	1	1469	1	1471	0.0	1781	1825980	N/A	N/A
NP_000005.3	XP_006237344.1	59.085	1486	585	6	1	1468	1	1481	0.0	1781	10116	N/A	N/A
NP_000005.3	XP_055422075.1	60.654	1469	551	12	20	1468	19	1480	0.0	1780	346063	N/A	N/A
NP_000005.3	XP_006505762.1	59.085	1486	574	10	1	1468	1	1470	0.0	1780	10090	N/A	N/A
NP_000005.3	XP_038432675.1	60.820	1488	561	11	1	1473	1	1481	0.0	1780	9615	N/A	N/A
NP_000005.3	XP_034641782.1	60.581	1479	564	13	1	1469	1	1470	0.0	1779	31138	N/A	N/A
NP_000005.3	XP_030393660.1	59.906	1484	569	12	1	1469	1	1473	0.0	1779	1825980	N/A	N/A
NP_000005.3	XP_027397062.1	60.217	1478	550	13	20	1470	19	1485	0.0	1779	30522	N/A	N/A
NP_000005.3	XP_024848428.1	60.217	1478	550	13	20	1470	19	1485	0.0	1778	9913	N/A	N/A
NP_000005.3	XP_038294977.1	60.753	1488	562	11	1	1473	1	1481	0.0	1778	9615	N/A	N/A
NP_000005.3	XP_043377898.1	60.393	1477	564	11	1	1469	1	1464	0.0	1778	8469	N/A	N/A
NP_000005.3	XP_006505761.1	58.574	1487	580	10	1	1468	1	1470	0.0	1777	10090	N/A	N/A
NP_000005.3	XP_037768617.1	60.434	1476	564	11	1	1469	1	1463	0.0	1777	8469	N/A	N/A
NP_000005.3	XP_034641745.1	60.379	1479	567	13	1	1469	1	1470	0.0	1776	31138	N/A	N/A
NP_000005.3	XP_010859295.1	60.380	1474	554	12	20	1470	19	1485	0.0	1776	43346	N/A	N/A
NP_000005.3	XP_040091047.1	60.176	1474	557	10	20	1468	19	1487	0.0	1776	59534	N/A	N/A
NP_000005.3	XP_045042881.2	59.826	1491	573	11	1	1474	1	1482	0.0	1775	9430	N/A	N/A
NP_000005.3	XP_034641756.1	60.352	1478	567	11	1	1469	1	1468	0.0	1774	31138	N/A	N/A
NP_000005.3	XP_004387345.1	60.326	1472	546	9	20	1468	19	1475	0.0	1773	127582	N/A	N/A
NP_000005.3	XP_035304915.1	60.608	1480	558	9	1	1468	1	1467	0.0	1773	10029	N/A	N/A
NP_000005.3	XP_020948034.1	59.500	1479	572	13	13	1470	12	1484	0.0	1773	9823	N/A	N/A
NP_000005.3	XP_036765796.2	60.612	1470	552	14	22	1474	21	1480	0.0	1773	143292	N/A	N/A
NP_000005.3	XP_010589168.1	60.081	1473	566	9	20	1474	19	1487	0.0	1772	9785	N/A	N/A
NP_000005.3	XP_038270379.1	60.610	1475	563	10	1	1469	1	1463	0.0	1772	27794	N/A	N/A
NP_000005.3	XP_034641764.1	60.379	1479	564	14	1	1469	1	1467	0.0	1771	31138	N/A	N/A
NP_000005.3	XP_034641697.1	59.840	1499	563	14	1	1469	1	1490	0.0	1769	31138	N/A	N/A
NP_000005.3	XP_005680940.2	60.041	1474	559	10	20	1468	19	1487	0.0	1769	9925	N/A	N/A
NP_000005.3	XP_036864621.1	60.231	1471	560	12	20	1474	19	1480	0.0	1768	9974	N/A	N/A
NP_000005.3	XP_034641688.1	59.640	1499	566	14	1	1469	1	1490	0.0	1768	31138	N/A	N/A
NP_000005.3	XP_044854078.1	60.322	1492	553	13	1	1469	1	1476	0.0	1767	74926	N/A	N/A
NP_000005.3	XP_044854084.1	60.322	1492	553	13	1	1469	1	1476	0.0	1767	74926	N/A	N/A
NP_000005.3	XP_049677980.1	59.356	1491	566	12	1	1468	1	1474	0.0	1767	8957	N/A	N/A
NP_000005.3	XP_034368492.1	58.999	1478	562	10	1	1468	1	1444	0.0	1766	61156	N/A	N/A
NP_000005.3	XP_052496585.1	59.824	1476	563	10	20	1470	19	1489	0.0	1766	37181	N/A	N/A
NP_000005.3	XP_006164925.1	58.997	1495	581	11	1	1474	8	1491	0.0	1766	246437	N/A	N/A
NP_000005.3	XP_006164926.1	59.155	1491	581	11	1	1474	8	1487	0.0	1765	246437	N/A	N/A
NP_000005.3	XP_036923697.1	60.055	1467	563	10	20	1470	19	1478	0.0	1765	192404	N/A	N/A
NP_000005.3	XP_014795615.1	58.757	1496	582	11	1	1474	1	1483	0.0	1764	198806	N/A	N/A
NP_000005.3	XP_010001340.1	58.839	1482	587	8	1	1468	1	1473	0.0	1764	8897	N/A	N/A
NP_000005.3	XP_028616888.1	58.859	1490	573	10	1	1468	1	1472	0.0	1763	491861	N/A	N/A
NP_000005.3	XP_034641724.1	59.546	1498	567	12	1	1469	1	1488	0.0	1763	31138	N/A	N/A
NP_000005.3	XP_029896596.1	59.289	1491	567	12	1	1468	1	1474	0.0	1763	223781	N/A	N/A
